0.0673013  10.1082  0.0386625  10.1117  0.0145361  0.996648
0.0755148  10.1058  0.031883  10.112  0.0142932  0.997815
0.106424  10.1076  0.0313779  10.112  0.013416  0.995783
0.0581568  10.1067  0.0381529  10.1124  0.0140404  0.998085
0.0728854  10.1089  0.031391  10.1122  0.0140992  0.998335
0.0231941  10.0573  0.143532  10.1105  0.0163126  0.997936
0.0298826  10.0992  0.0592258  10.1112  0.0152084  0.99856
0.135158  10.1064  0.0322972  10.112  0.0148534  0.99691
0.164813  10.1082  0.0363345  10.1105  0.0173673  0.994732
0.0118239  10.1045  0.283027  10.1056  0.0278555  0.992934
0.0160124  10.0299  0.0638119  10.1068  0.0312173  0.9987
0.0461549  10.0959  0.0861655  10.1045  0.0337595  0.998788
0.0472841  10.1213  0.120037  10.1076  0.0353862  0.998827
0.0384539  10.1023  0.11604  10.1082  0.045708  0.996711
0.212146  10.1109  0.0946652  10.1106  0.0447307  0.997121
0.0569749  10.1117  0.185029  10.1085  0.0634231  0.994428
0.0276919  10.1486  0.194883  10.1041  0.0700075  0.990337
0.135356  10.1143  0.181834  10.1082  0.0862596  0.982732
0.209063  10.1048  0.214776  10.1074  0.104412  0.324813
0.125692  20.0754  0.0841147  20.0929  0.0377198  0.997224
0.0902863  20.0576  0.0917834  20.0935  0.0375721  0.997912
0.165197  20.0742  0.0715477  20.0977  0.0340656  0.999054
0.131445  20.067  0.0769835  20.0999  0.0355099  0.999116
0.0877774  20.0669  0.082146  20.1041  0.0362246  0.998546
0.0536879  20.0786  0.0975877  20.1056  0.0367022  0.999492
0.0792512  20.092  0.0827414  20.1116  0.0348684  0.999091
0.0466662  20.0885  0.0963637  20.1137  0.0356775  0.99833
0.0683519  20.0895  0.102803  20.1138  0.0402488  0.997898
0.00796184  19.912  0.0442099  20.1108  0.0587626  0.995926
0.18869  20.1147  0.101303  20.1085  0.0585666  0.999998
0.0347856  20.0492  0.214551  20.115  0.0728351  0.998745
0.0262403  20.052  0.240066  20.1107  0.0789696  0.998848
0.0562999  20.1472  0.220127  20.1128  0.0942161  0.998965
0.210585  20.1647  0.167913  20.1083  0.103696  1
0.207387  20.1303  0.222696  20.1064  0.116649  0.996739
0.121123  20.1496  0.3  20.113  0.139863  0.993043
0.406797  20.1423  0.3  20.1117  0.157666  0.971293
0.202611  20.1302  0.510831  20.1046  0.230536  0.313682
0.128787  30.0341  0.135759  30.0701  0.0646232  0.997453
0.226047  30.0469  0.11159  30.0727  0.0619093  0.998393
0.133428  30.0398  0.128857  30.0779  0.0614846  0.998773
0.1379  30.0384  0.124985  30.0822  0.0622401  0.998241
0.102454  30.07  0.128779  30.0881  0.0639148  0.997759
0.168395  30.0595  0.116812  30.0967  0.0596615  0.998971
0.10089  30.0804  0.116887  30.1076  0.0567532  0.99783
0.0544312  30.078  0.143362  30.1145  0.058601  0.998184
0.0742993  30.1004  0.155689  30.1165  0.0653945  0.998908
0.0307736  30.087  0.30104  30.1088  0.0957362  1.00001
0.198439  30.1152  0.146186  30.1042  0.0976788  0.999824
0.0366267  30.02  0.299996  30.1158  0.116875  0.999927
1.93283e-09  29.9332  0.0829358  30.1102  0.142597  0.995656
0.035651  30.2  0.799998  30.1246  0.147311  0.996978
0.093197  30.1616  0.3  30.1232  0.165644  0.998122
0.194039  30.1998  0.3  30.1104  0.183189  0.994948
0.176832  30.1574  0.382606  30.1152  0.203864  0.992919
0.112582  30.0323  0.705858  30.1343  0.310147  0.984005
0.243802  30.1128  0.7  30.1002  0.350975  0.311744
0.353839  39.9922  0.146157  40.051  0.0895477  0.997777
0.218642  40.0162  0.154668  40.0458  0.0936161  0.994485
0.189798  40.0276  0.163913  40.0543  0.0919275  0.996553
0.220795  40.022  0.152759  40.0617  0.0914702  0.996784
0.137229  40.0247  0.161333  40.0713  0.088454  0.997574
0.289107  40.0389  0.131141  40.0869  0.086568  0.995816
0.0637791  40.0483  0.182469  40.0953  0.0878212  0.997773
0.0463785  40.0164  0.189246  40.1114  0.0874787  0.998323
0.266874  40.1029  0.151586  40.1207  0.0854029  0.997106
0.0171623  40.1488  0.351787  40.1098  0.133195  0.997177
3.74286e-08  39.9009  0.115137  40.1103  0.167316  0.998636
0.0860783  40.1999  0.349891  40.1032  0.158713  0.996314
0.100871  40.0851  0.429685  40.1136  0.178963  0.997801
0.187571  40.1247  0.348186  40.1169  0.192123  0.997997
0.183697  40.0441  0.331008  40.1313  0.215953  0.99626
0.116675  40.125  0.5  40.143  0.26645  0.993249
0.0871577  40.0702  0.599993  40.1338  0.292927  0.99514
0.333515  40.183  0.312566  40.1337  0.6  0.981567
0.472192  40.1244  0.930821  40.1591  0.493339  0.324554
0.0785333  49.9283  0.330629  50.0136  0.138387  0.995032
0.141558  49.9444  0.229877  50.0164  0.130673  0.999228
0.0589681  49.9606  0.291729  50.0249  0.131283  0.998862
0.104953  49.9621  0.25547  50.0332  0.130924  0.998128
0.101342  49.9637  0.26023  50.0503  0.12884  0.998239
0.149558  50.0061  0.224776  50.0647  0.121388  0.999349
0.103929  50.0348  0.272578  50.0816  0.118395  0.998814
0.0775358  50.0726  0.235171  50.1035  0.116706  0.999208
0.114831  50.0959  0.262857  50.1174  0.123444  0.998232
0.288419  50.0711  0.299998  50.0971  0.155967  0.996792
0.0422078  50.0658  0.499999  50.1122  0.1998  0.996724
4.24809e-09  49.9159  0.159968  50.1075  0.214107  0.996839
0.066508  50.0821  0.499999  50.1284  0.224496  0.998544
0.0377356  49.9  0.627032  50.1298  0.279403  1.00002
0.0495236  49.9  0.799997  50.1311  0.298175  1.00002
1.14224e-08  49.9048  0.298691  50.1241  0.4168  0.999056
0.340512  50.1663  0.577735  50.119  0.364152  0.994712
0.198448  50.0809  1.18483  50.1344  0.601198  0.978237
0.355072  50.1405  0.536288  50.2  1.17867  0.305207
0.190061  59.9317  0.299616  59.9946  0.167477  0.995564
0.278113  59.9453  0.267819  59.9905  0.156308  0.998636
0.164662  59.9571  0.3  60.0071  0.15971  0.997808
0.268152  59.9305  0.248242  60.0329  0.158701  0.997643
0.181159  59.9642  0.3  60.0254  0.160505  0.997697
0.170469  59.9801  0.3  60.0481  0.157172  0.997418
0.202796  60.0213  0.255254  60.0735  0.145318  0.99879
0.124307  60.0273  0.272967  60.0997  0.14879  0.99796
0.20564  60.082  0.269104  60.1199  0.155076  0.997691
0.132504  60.2  0.376042  60.0912  0.221633  0.994755
0.00972842  59.9006  0.63067  60.1021  0.270652  1.00009
1.48589e-10  59.9018  0.447801  60.1268  0.305718  0.999967
0.0377535  59.9483  0.800098  60.1254  0.292002  0.998959
0.16713  60.0761  0.148437  60.1408  0.371005  0.999988
0.214085  60.1261  0.184547  60.1803  0.431528  0.996102
0.1194  60.2  0.85527  60.1413  0.457839  0.993448
0.369648  60.2  0.664227  60.1064  0.440621  0.997244
0.278744  60.0515  1.62733  60.1523  0.702013  0.978661
0.392317  60.0923  0.729863  60.2  1.62164  0.314928
0.0644345  69.9  0.605637  69.9509  0.228729  0.996609
0.0218926  70.0149  0.688736  69.9519  0.231021  0.998762
0.0994875  69.9475  0.432029  69.9698  0.21177  0.999687
0.119068  69.9  0.411507  69.9865  0.208439  0.999406
0.131598  69.941  0.395994  70.009  0.204002  0.99886
0.0440808  69.9  0.549736  70.0186  0.210795  0.999468
0.0859354  70.0144  0.416257  70.0519  0.192626  0.998767
0.0545608  70.0631  0.462125  70.0843  0.191479  0.999603
0.0517162  70.079  0.521868  70.1098  0.212693  0.999367
0.050352  69.9459  0.598692  70.1071  0.308366  1.00001
0.0259323  70.2  0.799998  70.116  0.317562  0.997513
0.217916  69.955  0.466113  70.1699  0.299891  0.999904
0.0471822  69.9004  0.93947  70.1485  0.367539  0.996497
0.246629  70.2  0.60836  70.1284  0.360119  0.998928
0.0561364  70.2  1.11662  70.1516  0.44396  0.997294
0.16341  69.9  0.697497  70.1894  0.551954  0.987417
0.362463  70.1553  0.45679  70.1946  0.76206  0.990017
0.339228  70.2  1.88029  70.1156  0.896925  0.978799
0.488455  70.1534  1.16631  70.2  2.10314  0.308478
0.199372  79.9  0.457743  79.9403  0.253881  0.998161
0.190572  79.9  0.475084  79.9298  0.253757  0.999075
0.127304  79.9  0.493596  79.9575  0.253627  1.00001
0.092347  79.9  0.533735  79.9562  0.260512  0.998785
0.110012  79.9  0.488447  79.9834  0.250325  0.999326
0.246368  79.9507  0.396606  80.016  0.235998  0.999467
0.0474706  79.9871  0.619486  80.039  0.245543  0.999169
0.0834079  79.9998  0.459189  80.0793  0.223262  0.999357
0.0666356  80.0976  0.573558  80.108  0.253239  0.999338
0.328444  80.147  0.551397  80.0747  0.296899  0.997214
0.0223756  80.2  1.05893  80.1369  0.398417  0.998738
0.461255  80.1504  0.534841  80.1032  0.295701  0.994139
0.436136  80.0982  0.320873  80.2  0.513755  0.995465
0.166726  80.2  0.819911  80.1616  0.428904  0.996841
0.274475  80.0234  0.354485  80.2168  0.586086  0.993767
0.00422288  80.5  3.99977  80.1197  0.693465  0.999175
0.0290869  80.4513  1.71317  80.2055  0.768878  0.998722
0.22096  80.1475  2.8  80.095  1.25911  0.986
0.452967  80.0451  1.31304  80.2946  2.72079  0.308862
0.0997869  89.7851  0.71188  89.9074  0.333663  0.998754
0.0711592  89.7382  0.697853  89.9202  0.322957  0.999652
0.0597534  89.7583  0.748127  89.921  0.314112  0.999077
0.127267  89.8419  0.606181  89.9307  0.31322  0.998608
0.222467  89.9158  0.502058  89.9617  0.281205  0.99923
0.0846677  89.8415  0.609823  89.9865  0.299163  0.999202
0.0622391  89.9548  0.724843  90.0261  0.288788  0.999493
0.0304698  89.8087  0.663709  90.0733  0.281163  0.9996
0.051421  90.0965  0.779978  90.1063  0.302053  0.999517
0.148694  90.1542  0.678253  90.1004  0.434011  0.997303
0.0237194  90.0617  0.747319  90.1271  0.435857  0.996061
0.141662  90.1612  0.687079  90.1468  0.442862  0.998876
0.273729  90.1415  0.70493  90.1289  0.405373  0.99892
0.0444231  90.5  1.09601  90.1477  0.557785  0.999967
0.0329185  90.3475  1.37558  90.1991  0.607919  0.995259
0.0627124  90.4226  1.78358  90.1459  0.763266  1.00001
0.207441  90.4673  1.45236  90.0873  0.8  0.997283
0.14044  90.1397  0.671754  90.2325  2  0.987852
0.340124  90.5  3.71401  89.9869  2.07861  0.300766
0.0408542  99.8055  1.17622  99.8737  0.41713  0.998736
0.0583766  99.7976  0.860341  99.8659  0.403971  0.999998
0.0192473  99.7975  1.44453  99.8954  0.399786  0.999686
0.0357293  99.9375  1.17998  99.8979  0.393711  0.999728
0.0973343  99.8765  0.713738  99.9385  0.360594  0.999947
0.0627943  99.8827  0.758886  99.9646  0.372063  0.999453
0.0143993  99.7871  1.34438  100.005  0.355418  0.999752
0.0568519  100.098  0.77533  100.056  0.329003  0.999996
0.03607  100.071  0.990788  100.103  0.364215  0.999848
0.0539531  100.309  1.06668  100.133  0.523771  0.9999
0.161215  99.9684  0.86499  100.093  0.481875  0.998669
0.0179131  99.5  3.11712  100.161  0.533883  1
0.101012  100.287  0.90735  100.151  0.52695  0.99771
0.0465427  100.5  1.32834  100.193  0.611631  0.99999
0.0131706  99.9032  2.90169  100.221  0.690846  0.999997
0.109254  100.239  1.75894  100.177  0.880562  0.996575
0.123039  100.441  1.81866  100.155  0.992777  0.993723
0.447645  100.466  3.28058  100.216  1.4725  0.988472
0.388785  100.5  4.56361  100.049  2.27113  0.31977
